Input size	 107092 	PerLambda	 1070
Time Taken including overhead of creating and sending lists	 14.7098920345
numLambdas	startTime	endTime	totalTime	redisPercent	processingPercent
100 	 1481876322.76 	 1481876327.34 	 4.57590508461 	 0.980952846902 	 0.0185985458979
100 	 1481876322.76 	 1481876327.46 	 4.69638514519 	 0.974841592325 	 0.0246983117684
100 	 1481876322.77 	 1481876327.41 	 4.63999295235 	 0.980173152784 	 0.019325550839
100 	 1481876322.77 	 1481876327.19 	 4.41654586792 	 0.971370579761 	 0.0280685904207
100 	 1481876322.78 	 1481876327.11 	 4.3333029747 	 0.976054500668 	 0.0234356284584
100 	 1481876322.78 	 1481876327.3 	 4.51311016083 	 0.971925193863 	 0.0275290929073
100 	 1481876322.79 	 1481876327.1 	 4.30567002296 	 0.973031219557 	 0.0263950037014
100 	 1481876322.79 	 1481876327.39 	 4.60056114197 	 0.97858790706 	 0.0209406517942
100 	 1481876322.79 	 1481876327.24 	 4.44818687439 	 0.979346839864 	 0.0201600488995
100 	 1481876322.81 	 1481876327.29 	 4.48845386505 	 0.957941436125 	 0.0416126366067
100 	 1481876322.81 	 1481876327.29 	 4.47670698166 	 0.971977991838 	 0.0275143036545
100 	 1481876322.81 	 1481876327.32 	 4.51018118858 	 0.973670712554 	 0.0258623018331
100 	 1481876322.82 	 1481876327.08 	 4.26172590256 	 0.977374736321 	 0.0218057380111
100 	 1481876322.82 	 1481876327.0 	 4.17525410652 	 0.980489981747 	 0.0190089985402
100 	 1481876322.83 	 1481876327.33 	 4.50380706787 	 0.975350782538 	 0.0241628841329
100 	 1481876322.83 	 1481876327.25 	 4.42095112801 	 0.973316346339 	 0.0262047619204
100 	 1481876322.84 	 1481876327.29 	 4.44547915459 	 0.965770751001 	 0.0291042579221
100 	 1481876322.85 	 1481876327.32 	 4.47055196762 	 0.974601103502 	 0.0248405219304
100 	 1481876322.85 	 1481876327.41 	 4.55779600143 	 0.969162853874 	 0.0304091975313
100 	 1481876322.86 	 1481876327.37 	 4.51727485657 	 0.972756067191 	 0.0250300525302
100 	 1481876322.86 	 1481876327.26 	 4.40326714516 	 0.976780424721 	 0.0227215960286
100 	 1481876322.86 	 1481876327.51 	 4.65548491478 	 0.976813481194 	 0.0227074267564
100 	 1481876322.86 	 1481876327.27 	 4.40938806534 	 0.976983087883 	 0.0225481193842
100 	 1481876322.86 	 1481876327.38 	 4.51855516434 	 0.972397391036 	 0.0271186544418
100 	 1481876322.86 	 1481876327.51 	 4.64616990089 	 0.978433298273 	 0.0211006068573
100 	 1481876322.86 	 1481876327.57 	 4.70797300339 	 0.975445176326 	 0.0241190539975
100 	 1481876322.87 	 1481876327.26 	 4.38821721077 	 0.978755337326 	 0.0206543505407
100 	 1481876322.87 	 1481876327.36 	 4.48480200768 	 0.974137007583 	 0.0250782762485
100 	 1481876322.88 	 1481876327.21 	 4.32922506332 	 0.980993701649 	 0.0184934689702
100 	 1481876322.88 	 1481876327.4 	 4.51422691345 	 0.978968461036 	 0.0205827705022
100 	 1481876322.89 	 1481876327.6 	 4.7119550705 	 0.972175547776 	 0.0273139624149
100 	 1481876322.89 	 1481876327.33 	 4.44334888458 	 0.978428380991 	 0.0209824070241
100 	 1481876322.9 	 1481876327.57 	 4.6742079258 	 0.977698959079 	 0.0218695194284
100 	 1481876322.9 	 1481876327.5 	 4.5994040966 	 0.981238847628 	 0.0180228402452
100 	 1481876322.9 	 1481876327.33 	 4.43050789833 	 0.97541335993 	 0.02411749901
100 	 1481876322.9 	 1481876327.28 	 4.38075685501 	 0.976015860478 	 0.0234120882153
100 	 1481876322.91 	 1481876327.36 	 4.45132708549 	 0.980807348859 	 0.0186287584522
100 	 1481876322.91 	 1481876327.29 	 4.38028812408 	 0.98109214653 	 0.0183550635578
100 	 1481876322.91 	 1481876327.42 	 4.51050901413 	 0.975785061839 	 0.0237468236027
100 	 1481876322.92 	 1481876327.36 	 4.44143414497 	 0.979756639276 	 0.0196434270193
100 	 1481876322.92 	 1481876327.38 	 4.45322203636 	 0.974208497012 	 0.0253373363671
100 	 1481876322.93 	 1481876327.38 	 4.45110082626 	 0.980861383439 	 0.0185541802117
100 	 1481876322.93 	 1481876327.31 	 4.38212990761 	 0.980916904992 	 0.0185025178203
100 	 1481876322.93 	 1481876327.32 	 4.39212203026 	 0.97596381914 	 0.0235708107119
100 	 1481876322.93 	 1481876327.6 	 4.66785097122 	 0.979313463326 	 0.0202269482275
100 	 1481876322.95 	 1481876327.33 	 4.38007116318 	 0.977570129577 	 0.0219539119335
100 	 1481876322.95 	 1481876327.36 	 4.41370177269 	 0.973779962811 	 0.0256929312326
100 	 1481876322.96 	 1481876327.6 	 4.63907289505 	 0.976226150679 	 0.0231444321066
100 	 1481876322.96 	 1481876327.71 	 4.74866914749 	 0.962586511206 	 0.0368802354448
100 	 1481876322.96 	 1481876327.37 	 4.40820789337 	 0.976051042102 	 0.0232998279443
100 	 1481876322.97 	 1481876327.29 	 4.32233119011 	 0.976205530854 	 0.0233085671706
100 	 1481876322.97 	 1481876327.41 	 4.44327306747 	 0.976876053246 	 0.0226481047505
100 	 1481876322.97 	 1481876327.63 	 4.65467405319 	 0.981745129031 	 0.0177740563777
100 	 1481876322.97 	 1481876327.59 	 4.62086701393 	 0.976525284319 	 0.0229830567277
100 	 1481876322.97 	 1481876327.4 	 4.42970013618 	 0.971336755993 	 0.0251428603415
100 	 1481876322.97 	 1481876327.37 	 4.39960408211 	 0.980197880301 	 0.0193142930657
100 	 1481876322.99 	 1481876327.61 	 4.62477612495 	 0.975276575073 	 0.0242735266217
100 	 1481876322.99 	 1481876327.31 	 4.32060289383 	 0.983477304449 	 0.0161613100421
100 	 1481876323.0 	 1481876327.37 	 4.37335300446 	 0.980984804591 	 0.018534635122
100 	 1481876323.01 	 1481876327.36 	 4.35334992409 	 0.978089489105 	 0.0214483347721
100 	 1481876323.01 	 1481876327.47 	 4.45705795288 	 0.97728569674 	 0.0192637781359
100 	 1481876323.02 	 1481876327.61 	 4.59121513367 	 0.976530761462 	 0.0230088333813
100 	 1481876323.05 	 1481876327.47 	 4.4173848629 	 0.976952863675 	 0.0225227906846
100 	 1481876323.06 	 1481876327.44 	 4.37911200523 	 0.979187717407 	 0.0203588143228
100 	 1481876323.07 	 1481876327.54 	 4.46256089211 	 0.970880419581 	 0.0284463543078
100 	 1481876323.07 	 1481876327.65 	 4.57982492447 	 0.978162105635 	 0.0213735330059
100 	 1481876323.08 	 1481876327.49 	 4.41347694397 	 0.97411782234 	 0.0252567273988
100 	 1481876323.22 	 1481876327.57 	 4.35353398323 	 0.978526339886 	 0.0209743185189
100 	 1481876323.22 	 1481876327.68 	 4.45645618439 	 0.974969467784 	 0.0244808239279
100 	 1481876323.24 	 1481876327.7 	 4.45997095108 	 0.978336323564 	 0.0212019111672
100 	 1481876323.25 	 1481876327.7 	 4.4470539093 	 0.97267564272 	 0.026863663326
100 	 1481876323.32 	 1481876327.69 	 4.36987280846 	 0.97496739381 	 0.0226132146116
100 	 1481876323.32 	 1481876327.67 	 4.34987306595 	 0.970584317958 	 0.028930116105
100 	 1481876323.32 	 1481876327.72 	 4.39963293076 	 0.974717122559 	 0.0247760331187
100 	 1481876323.32 	 1481876327.65 	 4.32248282433 	 0.975685014187 	 0.0238311417215
100 	 1481876323.33 	 1481876327.79 	 4.45422387123 	 0.96670117157 	 0.0328006582035
100 	 1481876323.34 	 1481876327.69 	 4.34457206726 	 0.976034734286 	 0.0234982046328
100 	 1481876323.34 	 1481876327.78 	 4.43295788765 	 0.978074640622 	 0.0214471193271
100 	 1481876323.35 	 1481876327.73 	 4.3825340271 	 0.976792817631 	 0.0227013526511
100 	 1481876323.35 	 1481876327.68 	 4.32896780968 	 0.979256933701 	 0.0201945177418
100 	 1481876323.35 	 1481876327.66 	 4.31371092796 	 0.975847253761 	 0.0236775352256
100 	 1481876323.35 	 1481876327.76 	 4.40511798859 	 0.97157861454 	 0.0276891542315
100 	 1481876323.36 	 1481876327.78 	 4.42213201523 	 0.96512534178 	 0.0344280276126
100 	 1481876323.37 	 1481876327.77 	 4.40447402 	 0.979914205614 	 0.0195577464897
100 	 1481876323.38 	 1481876327.69 	 4.31290102005 	 0.976063286687 	 0.0234536738144
100 	 1481876323.4 	 1481876327.82 	 4.42239999771 	 0.973011538696 	 0.0264960868278
100 	 1481876323.4 	 1481876327.89 	 4.48675489426 	 0.97045690552 	 0.0290223921656
100 	 1481876323.41 	 1481876327.71 	 4.29643297195 	 0.970749887379 	 0.0267200006038
100 	 1481876323.42 	 1481876327.7 	 4.27473115921 	 0.972631227983 	 0.02687517269
100 	 1481876323.42 	 1481876327.73 	 4.30474019051 	 0.969999594027 	 0.0294627271669
100 	 1481876323.6 	 1481876327.85 	 4.2509598732 	 0.970784166165 	 0.0286167811696
100 	 1481876323.7 	 1481876327.83 	 4.12791609764 	 0.968461340086 	 0.0306121122912
100 	 1481876331.64 	 1481876334.09 	 2.45133805275 	 0.921936610023 	 0.0760537917186
100 	 1481876331.64 	 1481876334.14 	 2.50146603584 	 0.919233096665 	 0.0797396355611
100 	 1481876331.64 	 1481876334.11 	 2.4680352211 	 0.936819108764 	 0.0612556017423
100 	 1481876331.69 	 1481876334.37 	 2.67432618141 	 0.945685707248 	 0.0531964296492
100 	 1481876331.7 	 1481876334.38 	 2.68090796471 	 0.91240141996 	 0.0866330450246
100 	 1481876331.76 	 1481876334.38 	 2.6196808815 	 0.936273234764 	 0.0554158644846
100 	 1481876333.24 	 1481876335.92 	 2.68419790268 	 0.952211258105 	 0.0469806300075
100 	 1481876333.24 	 1481876335.6 	 2.35733699799 	 0.934343529353 	 0.0596125083794

