Input size	 107092 	PerLambda	 1338
Time Taken including overhead of creating and sending lists	 12.6919851303
numLambdas	startTime	endTime	totalTime	redisPercent	processingPercent
80 	 1481876276.3 	 1481876281.18 	 4.88752698898 	 0.972846383575 	 0.0266611231909
80 	 1481876276.31 	 1481876281.27 	 4.95297193527 	 0.972779115704 	 0.026583076084
80 	 1481876276.34 	 1481876280.87 	 4.52333712578 	 0.971380517789 	 0.0278783471714
80 	 1481876276.35 	 1481876280.75 	 4.40296697617 	 0.971397245154 	 0.0280276327202
80 	 1481876276.35 	 1481876280.96 	 4.60877394676 	 0.958687260545 	 0.0404652747698
80 	 1481876276.35 	 1481876280.82 	 4.46871304512 	 0.9658706617 	 0.033283909031
80 	 1481876276.35 	 1481876280.79 	 4.43252396584 	 0.968673393486 	 0.0306056799632
80 	 1481876276.36 	 1481876280.86 	 4.50052809715 	 0.957761476216 	 0.0386377661677
80 	 1481876276.37 	 1481876280.94 	 4.56869506836 	 0.963917852873 	 0.0354779982733
80 	 1481876276.37 	 1481876280.82 	 4.44407296181 	 0.974521283579 	 0.0248055866286
80 	 1481876276.38 	 1481876280.75 	 4.37656497955 	 0.968696947002 	 0.0306945539718
80 	 1481876276.38 	 1481876281.47 	 5.09119200706 	 0.969557188962 	 0.0298759385065
80 	 1481876276.38 	 1481876281.44 	 5.05839800835 	 0.974206958852 	 0.0252624153729
80 	 1481876276.38 	 1481876280.88 	 4.49958109856 	 0.959228375978 	 0.0400628190768
80 	 1481876276.39 	 1481876280.98 	 4.58285188675 	 0.961935084997 	 0.0374412505253
80 	 1481876276.4 	 1481876280.92 	 4.51862597466 	 0.967118464797 	 0.0323498900488
80 	 1481876276.4 	 1481876281.55 	 5.15145611763 	 0.965848856745 	 0.0336267706427
80 	 1481876276.4 	 1481876280.8 	 4.40144896507 	 0.970287765868 	 0.0291447138741
80 	 1481876276.41 	 1481876280.86 	 4.44717979431 	 0.968146539098 	 0.0310447361751
80 	 1481876276.43 	 1481876281.02 	 4.58741998672 	 0.956324956341 	 0.0431397293929
80 	 1481876276.43 	 1481876281.04 	 4.60804200172 	 0.966476883827 	 0.0329861618627
80 	 1481876276.43 	 1481876281.43 	 4.99903488159 	 0.969989992117 	 0.0295166723008
80 	 1481876276.43 	 1481876281.45 	 5.01609802246 	 0.971018972349 	 0.0283694978478
80 	 1481876276.44 	 1481876281.14 	 4.69973707199 	 0.960667915779 	 0.0388099183213
80 	 1481876276.44 	 1481876281.04 	 4.60237693787 	 0.967350519339 	 0.0320337977539
80 	 1481876276.44 	 1481876280.84 	 4.40374302864 	 0.969818691147 	 0.0296113772362
80 	 1481876276.44 	 1481876281.31 	 4.87288379669 	 0.977020705579 	 0.0224613466954
80 	 1481876276.44 	 1481876281.38 	 4.93614411354 	 0.971541158679 	 0.027975014501
80 	 1481876276.45 	 1481876281.0 	 4.54817295074 	 0.959624290092 	 0.0397459795916
80 	 1481876276.47 	 1481876281.07 	 4.60348391533 	 0.965762848118 	 0.029377249117
80 	 1481876276.49 	 1481876280.8 	 4.31061601639 	 0.973213103471 	 0.0261664884037
80 	 1481876276.49 	 1481876281.04 	 4.54374098778 	 0.96522269507 	 0.0341103350114
80 	 1481876276.51 	 1481876281.12 	 4.60876607895 	 0.961341690668 	 0.0380581199743
80 	 1481876276.51 	 1481876280.9 	 4.38548994064 	 0.970429178348 	 0.0289297457584
80 	 1481876276.52 	 1481876281.05 	 4.53174996376 	 0.961595445007 	 0.0376893650135
80 	 1481876276.52 	 1481876281.5 	 4.97420787811 	 0.96895367664 	 0.0305375841069
80 	 1481876276.53 	 1481876280.95 	 4.4215991497 	 0.969447679875 	 0.0299197688111
80 	 1481876276.54 	 1481876281.0 	 4.4665119648 	 0.960968797276 	 0.0381661937186
80 	 1481876276.54 	 1481876280.97 	 4.43143177032 	 0.965685327178 	 0.0336881519825
80 	 1481876276.54 	 1481876281.11 	 4.57273983955 	 0.969744092391 	 0.0268634765075
80 	 1481876276.54 	 1481876281.06 	 4.52028417587 	 0.964883151122 	 0.032295405678
80 	 1481876276.55 	 1481876281.07 	 4.52427506447 	 0.963057801133 	 0.0363956190351
80 	 1481876276.55 	 1481876281.55 	 4.99668598175 	 0.971077918199 	 0.0283672955231
80 	 1481876276.56 	 1481876281.04 	 4.48455309868 	 0.971733498129 	 0.0276473492575
80 	 1481876276.57 	 1481876281.08 	 4.50534510612 	 0.964252441434 	 0.0307747025989
80 	 1481876276.6 	 1481876281.02 	 4.42503786087 	 0.972390287174 	 0.0269972651872
80 	 1481876276.6 	 1481876281.02 	 4.42039608955 	 0.968069875195 	 0.0313200005286
80 	 1481876276.6 	 1481876281.58 	 4.97456693649 	 0.97180036699 	 0.0277073216836
80 	 1481876276.62 	 1481876281.11 	 4.49503779411 	 0.966830870889 	 0.0297945931152
80 	 1481876276.62 	 1481876281.1 	 4.47814202309 	 0.963646046634 	 0.0348254182348
80 	 1481876276.64 	 1481876281.13 	 4.49527311325 	 0.966978778906 	 0.032407841039
80 	 1481876276.66 	 1481876281.09 	 4.43427491188 	 0.967185980824 	 0.0306157468988
80 	 1481876276.69 	 1481876280.89 	 4.20189905167 	 0.972950586477 	 0.0264428557308
80 	 1481876276.71 	 1481876281.01 	 4.29666996002 	 0.972930448785 	 0.0264020721869
80 	 1481876276.74 	 1481876280.96 	 4.22403383255 	 0.976615919212 	 0.0229594010955
80 	 1481876276.78 	 1481876281.21 	 4.43579006195 	 0.967115490997 	 0.0318021148234
80 	 1481876276.79 	 1481876281.25 	 4.45568799973 	 0.970141974935 	 0.029331712373
80 	 1481876276.84 	 1481876281.96 	 5.11546897888 	 0.959451723895 	 0.0399597647856
80 	 1481876276.85 	 1481876281.83 	 4.98081803322 	 0.96864740979 	 0.029187549797
80 	 1481876276.86 	 1481876281.28 	 4.42967104912 	 0.972177930305 	 0.0272047726871
80 	 1481876276.86 	 1481876281.33 	 4.4750790596 	 0.948603509822 	 0.050775334177
80 	 1481876276.86 	 1481876281.35 	 4.48429703712 	 0.962340281697 	 0.036971678504
80 	 1481876276.86 	 1481876281.41 	 4.54253292084 	 0.963977510035 	 0.0354425741063
80 	 1481876276.88 	 1481876281.45 	 4.56540083885 	 0.962054144832 	 0.0372972986805
80 	 1481876276.91 	 1481876281.44 	 4.52932596207 	 0.968913644362 	 0.0304737445236
80 	 1481876276.93 	 1481876281.42 	 4.49591207504 	 0.964305505869 	 0.0351492388433
80 	 1481876276.93 	 1481876281.58 	 4.64381098747 	 0.958323105749 	 0.0410294310554
80 	 1481876276.94 	 1481876281.6 	 4.65770483017 	 0.954387348784 	 0.0450817805028
80 	 1481876276.95 	 1481876281.57 	 4.61455798149 	 0.958778103214 	 0.0406904540095
80 	 1481876276.96 	 1481876281.58 	 4.61711502075 	 0.957197056386 	 0.0421005119185
80 	 1481876277.15 	 1481876281.99 	 4.8390109539 	 0.968192057629 	 0.03114309157
80 	 1481876277.39 	 1481876282.17 	 4.78040599823 	 0.968322198436 	 0.031088189627
80 	 1481876277.43 	 1481876282.26 	 4.82531118393 	 0.965979245235 	 0.0334253643814
80 	 1481876277.45 	 1481876282.12 	 4.67314505577 	 0.969070473436 	 0.0303245958247
80 	 1481876284.31 	 1481876287.57 	 3.25953602791 	 0.931341913479 	 0.0674176214215
80 	 1481876284.32 	 1481876287.69 	 3.37834119797 	 0.911629741866 	 0.0874226788118
80 	 1481876284.32 	 1481876287.41 	 3.09646201134 	 0.933601786271 	 0.0653502832685
80 	 1481876284.32 	 1481876287.43 	 3.11420702934 	 0.928607416469 	 0.0681741466863
80 	 1481876284.33 	 1481876287.51 	 3.18777990341 	 0.940240460392 	 0.0588791698272
80 	 1481876284.36 	 1481876287.51 	 3.15379500389 	 0.929637680749 	 0.0692850568587

