Input size	 107092 	PerLambda	 1189
Time Taken including overhead of creating and sending lists	 16.3492000103
numLambdas	startTime	endTime	totalTime	redisPercent	processingPercent
90 	 1481876297.62 	 1481876302.19 	 4.57067012787 	 0.977899595113 	 0.0216191516464
90 	 1481876297.63 	 1481876302.29 	 4.651252985 	 0.971886437325 	 0.0276291651206
90 	 1481876297.64 	 1481876302.38 	 4.73502397537 	 0.967517785634 	 0.0320192264602
90 	 1481876297.64 	 1481876301.9 	 4.25466895103 	 0.974203848336 	 0.0252207644838
90 	 1481876297.66 	 1481876302.37 	 4.7158370018 	 0.973678002659 	 0.0257845258567
90 	 1481876297.66 	 1481876302.31 	 4.64849305153 	 0.977772595265 	 0.0217469253138
90 	 1481876297.67 	 1481876302.44 	 4.77242088318 	 0.965169078419 	 0.0343671154456
90 	 1481876297.67 	 1481876302.27 	 4.59730601311 	 0.974660234651 	 0.0248347478198
90 	 1481876297.68 	 1481876302.07 	 4.38888478279 	 0.966843411052 	 0.0325933109474
90 	 1481876297.69 	 1481876302.06 	 4.37945199013 	 0.971254934943 	 0.0282053441516
90 	 1481876297.69 	 1481876302.38 	 4.68600797653 	 0.967937436548 	 0.0272375209761
90 	 1481876297.7 	 1481876301.98 	 4.28027796745 	 0.968615179359 	 0.0307998418296
90 	 1481876297.7 	 1481876302.07 	 4.36060905457 	 0.976361037785 	 0.0230544808778
90 	 1481876297.71 	 1481876301.97 	 4.2692630291 	 0.969563211571 	 0.02991133933
90 	 1481876297.71 	 1481876302.12 	 4.41329288483 	 0.961786301668 	 0.0376487815799
90 	 1481876297.71 	 1481876302.4 	 4.68931794167 	 0.968829735985 	 0.0306785113704
90 	 1481876297.71 	 1481876302.16 	 4.45088005066 	 0.968993125475 	 0.0304532099901
90 	 1481876297.73 	 1481876302.09 	 4.35737681389 	 0.969383179609 	 0.0286556866449
90 	 1481876297.73 	 1481876302.34 	 4.60836195946 	 0.977214758172 	 0.0222094710032
90 	 1481876297.73 	 1481876302.0 	 4.27085900307 	 0.962814908112 	 0.0365959759131
90 	 1481876297.73 	 1481876302.04 	 4.30655002594 	 0.966746184738 	 0.0326238527641
90 	 1481876297.74 	 1481876301.75 	 4.01093292236 	 0.973428336989 	 0.0260105288737
90 	 1481876297.74 	 1481876301.94 	 4.20428919792 	 0.971477481627 	 0.02787122222
90 	 1481876297.74 	 1481876302.03 	 4.28061699867 	 0.967426189592 	 0.0320004629555
90 	 1481876297.75 	 1481876302.14 	 4.39069104195 	 0.966343092893 	 0.0330464561235
90 	 1481876297.75 	 1481876301.91 	 4.16084384918 	 0.975192420927 	 0.0242777783253
90 	 1481876297.75 	 1481876302.4 	 4.64987492561 	 0.969745714362 	 0.029666375754
90 	 1481876297.75 	 1481876302.06 	 4.3088490963 	 0.964579850971 	 0.0306963189571
90 	 1481876297.76 	 1481876302.15 	 4.39232707024 	 0.961228545893 	 0.0346457953764
90 	 1481876297.76 	 1481876301.97 	 4.21368908882 	 0.972298288742 	 0.0271223690755
90 	 1481876297.76 	 1481876301.99 	 4.23225998878 	 0.970635080023 	 0.0288621986397
90 	 1481876297.77 	 1481876302.42 	 4.65359401703 	 0.971829673335 	 0.0275826304649
90 	 1481876297.77 	 1481876302.16 	 4.3877620697 	 0.971033560376 	 0.0284291536746
90 	 1481876297.77 	 1481876301.95 	 4.17558813095 	 0.971071766389 	 0.0282859359246
90 	 1481876297.77 	 1481876302.44 	 4.66117596626 	 0.974785309898 	 0.0247117845072
90 	 1481876297.78 	 1481876301.99 	 4.21504998207 	 0.975105153225 	 0.0243828892494
90 	 1481876297.79 	 1481876302.01 	 4.22222089767 	 0.968021564741 	 0.0267109703738
90 	 1481876297.8 	 1481876302.16 	 4.36104011536 	 0.972828349824 	 0.02662828387
90 	 1481876297.82 	 1481876302.18 	 4.36475110054 	 0.969937990701 	 0.0251102127465
90 	 1481876297.82 	 1481876302.17 	 4.34641695023 	 0.972130521485 	 0.0273388204207
90 	 1481876297.83 	 1481876302.13 	 4.30110192299 	 0.974844414915 	 0.0245693365053
90 	 1481876297.83 	 1481876302.55 	 4.71479296684 	 0.966318951317 	 0.0331475036377
90 	 1481876297.86 	 1481876302.19 	 4.32632708549 	 0.971231567011 	 0.0281637244184
90 	 1481876297.86 	 1481876302.48 	 4.61885118484 	 0.977343982042 	 0.0221401934025
90 	 1481876297.88 	 1481876302.03 	 4.15524888039 	 0.97446853485 	 0.0249858607029
90 	 1481876297.9 	 1481876302.5 	 4.60671877861 	 0.9712268086 	 0.0281894520225
90 	 1481876297.91 	 1481876302.16 	 4.24896502495 	 0.974032305226 	 0.0254756472972
90 	 1481876297.92 	 1481876302.2 	 4.2771730423 	 0.974145869477 	 0.0229037572624
90 	 1481876297.97 	 1481876302.12 	 4.1516020298 	 0.975734047295 	 0.0236882835381
90 	 1481876298.06 	 1481876302.33 	 4.27240014076 	 0.972667970443 	 0.0267025563143
90 	 1481876298.09 	 1481876302.39 	 4.29923200607 	 0.969333394557 	 0.0261056751207
90 	 1481876298.13 	 1481876302.43 	 4.29942202568 	 0.974744695624 	 0.0247613788502
90 	 1481876298.16 	 1481876302.3 	 4.13819599152 	 0.97345221357 	 0.0260000488568
90 	 1481876298.16 	 1481876302.43 	 4.26992607117 	 0.972973585668 	 0.0264292966675
90 	 1481876298.17 	 1481876302.49 	 4.32282209396 	 0.965400858077 	 0.0340474419
90 	 1481876298.17 	 1481876302.45 	 4.27076220512 	 0.974275486208 	 0.025200309833
90 	 1481876298.18 	 1481876302.41 	 4.22427988052 	 0.967570787396 	 0.0318634575154
90 	 1481876298.19 	 1481876302.46 	 4.26776599884 	 0.974927023602 	 0.0245712531874
90 	 1481876298.2 	 1481876302.48 	 4.28228998184 	 0.975029321495 	 0.024439144633
90 	 1481876298.2 	 1481876302.56 	 4.36052298546 	 0.966267762583 	 0.0332032412946
90 	 1481876298.21 	 1481876302.68 	 4.47230601311 	 0.966328345491 	 0.0331002247496
90 	 1481876298.21 	 1481876302.53 	 4.31620812416 	 0.971881828967 	 0.027511492398
90 	 1481876298.21 	 1481876302.37 	 4.16007113457 	 0.972105044742 	 0.0272369656184
90 	 1481876298.22 	 1481876302.56 	 4.34191179276 	 0.974108874612 	 0.0252605827437
90 	 1481876298.22 	 1481876302.42 	 4.20053005219 	 0.976938524148 	 0.022465731654
90 	 1481876298.22 	 1481876302.56 	 4.3417289257 	 0.969137088864 	 0.0270850970793
90 	 1481876298.24 	 1481876302.63 	 4.39847016335 	 0.970694398754 	 0.0287655037496
90 	 1481876298.24 	 1481876302.46 	 4.2250790596 	 0.964988957335 	 0.034480606521
90 	 1481876298.24 	 1481876302.42 	 4.17884206772 	 0.968479633012 	 0.0310140150236
90 	 1481876298.24 	 1481876302.66 	 4.41950702667 	 0.977568944642 	 0.0218117992166
90 	 1481876298.24 	 1481876302.28 	 4.03415608406 	 0.981659323198 	 0.017928868081
90 	 1481876298.26 	 1481876302.43 	 4.17153191566 	 0.974613859446 	 0.0248472952544
90 	 1481876298.26 	 1481876302.46 	 4.19907402992 	 0.969973642692 	 0.029439320816
90 	 1481876298.29 	 1481876302.75 	 4.45988702774 	 0.977725474045 	 0.0217441648248
90 	 1481876298.29 	 1481876302.63 	 4.33673596382 	 0.971661096905 	 0.0277941958996
90 	 1481876298.29 	 1481876302.67 	 4.37699103355 	 0.966706032776 	 0.0327427763299
90 	 1481876298.3 	 1481876302.61 	 4.30880713463 	 0.964535405748 	 0.0349389321767
90 	 1481876298.3 	 1481876302.57 	 4.2666580677 	 0.968554276928 	 0.0308603856544
90 	 1481876298.32 	 1481876302.59 	 4.27668309212 	 0.967325649 	 0.0311043623241
90 	 1481876298.32 	 1481876302.55 	 4.23651719093 	 0.972211193489 	 0.0262188463762
90 	 1481876305.53 	 1481876308.18 	 2.64676809311 	 0.914737847199 	 0.0842545276025
90 	 1481876305.54 	 1481876308.33 	 2.7902610302 	 0.917740211804 	 0.0813317516581
90 	 1481876305.54 	 1481876308.12 	 2.58106708527 	 0.920181086259 	 0.0740012267014
90 	 1481876305.54 	 1481876308.19 	 2.64873194695 	 0.922806221329 	 0.0756819312905
90 	 1481876309.59 	 1481876312.49 	 2.90657281876 	 0.914106906296 	 0.0849697113866
90 	 1481876309.59 	 1481876312.55 	 2.96031093597 	 0.935614093697 	 0.0635439583185
90 	 1481876309.59 	 1481876312.53 	 2.9383919239 	 0.936858579924 	 0.0572099870267
90 	 1481876309.6 	 1481876312.56 	 2.9621489048 	 0.931502855768 	 0.0667718757166
90 	 1481876309.62 	 1481876312.47 	 2.85289001465 	 0.919534012018 	 0.0767161618093
90 	 1481876309.66 	 1481876312.43 	 2.76944899559 	 0.91916527253 	 0.0771558941869

